age = 13.737946790963663
chistar = 14106.553889917937
cmbshift = 1.7191730646801233
dastar = 14.106619818276817
kd = 0.13865575645005962
keq = 0.009736589780044182
nz = 100
rdrag = 149.33545989034891
rs_zdrag = 149.33545989034891
rstar = 146.69326865225491
thetad = 0.16061607403619937
thetaeq = 0.8529812276867959
thetarseq = 0.46985725456379696
thetastar = 1.0398895734199642
zdrag = 1059.7761637427946
zeq = 3190.4678773565615
zstar = 1088.8670798758521
