ac_mc = 12.82696
ac_nc = 0.17079
bc_mc = 0.45791
bc_nc = 0.9897
mu_p0 = 3.375
mu_p1 = 0.29836897635016846
mu_p2 = 0.105
sigma_p0 = 0.13618
sigma_p1 = 0.08719889747168452
sigma_p2 = -0.01685
