{
 "cells": [
  {
   "cell_type": "code",
   "execution_count": 23,
   "id": "6a1e6fa3-3cc6-4834-b3fb-b6d3f1d1831e",
   "metadata": {},
   "outputs": [],
   "source": [
    "import clevar\n",
    "import numpy as np\n",
    "from astropy.table import Table\n",
    "from clevar.catalog import ClCatalog\n",
    "from clevar.match_metrics import recovery\n",
    "import matplotlib.pyplot as plt\n",
    "from clevar.match import MembershipMatch\n",
    "from clevar.match_metrics import distances\n",
    "from clevar.match_metrics import scaling\n",
    "from clevar.match import ProximityMatch\n",
    "from clevar.match_metrics.recovery import ClCatalogFuncs as r_cf"
   ]
  },
  {
   "cell_type": "code",
   "execution_count": 14,
   "id": "25edbfb6-936f-437a-a4ba-c791185c9de6",
   "metadata": {},
   "outputs": [
    {
     "name": "stdout",
     "output_type": "stream",
     "text": [
      "['maskfrac', 'mag_r_lsst_member', 'p_cen_2', 'p_cen_3', 'id_cen_3', 'mag_i_lsst_member', 'dec_cen_4', 'ra_cen_2', 'magerr_g_lsst_member', 'redshift', 'id_cen_4', 'id_cen_1', 'p_cen_0', 'id_member', 'ra_cen_1', 'ra_cen_4', 'dec_member', 'theta_r_member', 'ra', 'dec_cen_2', 'mag_g_lsst_member', 'richness', 'magerr_y_lsst_member', 'id_cen_0', 'id_cen_2', 'pfree_member', 'p_cen_4', 'p_cen_1', 'mag_y_lsst_member', 'richness_err', 'magerr_r_lsst_member', 'dec', 'redshift_true_cg', 'magerr_i_lsst_member', 'ra_cen_3', 'cluster_id', 'magerr_z_lsst_member', 'cluster_id_member', 'dec_cen_1', 'refmag_err_member', 'p_member', 'scaleval', 'dec_cen_0', 'theta_i_member', 'redshift_err', 'mag_z_lsst_member', 'dec_cen_3', 'ra_cen_0', 'ra_member', 'redshift_true_member', 'refmag_member']\n"
     ]
    },
    {
     "data": {
      "text/html": [
       "<div><i>Table length=4531</i>\n",
       "<table id=\"table140127223237200\" class=\"table-striped table-bordered table-condensed\">\n",
       "<thead><tr><th>id</th><th>ra</th><th>dec</th><th>zp</th><th>snr</th><th>r200_mpc</th><th>n200</th><th>n200_err</th><th>n500kpc</th><th>n500kpc_err</th><th>raw_coverfrac</th><th>weighted_coverfrac</th><th>bkg_coverfrac</th><th>md_bkg_arcmin2</th><th>md_bkg_mpc2</th><th>slope_dprofile</th><th>radius_vec_arcmin</th><th>radius_vec_mpc</th><th>richness</th><th>richness_err</th><th>nmem</th><th>mstar</th><th>flag_pmem</th></tr></thead>\n",
       "<thead><tr><th>bytes30</th><th>float64</th><th>float64</th><th>float32</th><th>float32</th><th>float32</th><th>float32</th><th>float32</th><th>float32</th><th>float32</th><th>float32</th><th>float32</th><th>float32</th><th>float32</th><th>float32</th><th>float32</th><th>float64[15]</th><th>float64[15]</th><th>float64[15]</th><th>float64[15]</th><th>int64</th><th>float32</th><th>int64</th></tr></thead>\n",
       "<tr><td>7193</td><td>47.86995951381351</td><td>-32.755165693480265</td><td>0.77046543</td><td>13.119</td><td>0.925</td><td>36.089</td><td>1.75</td><td>26.918</td><td>1.092</td><td>68.9</td><td>82.1</td><td>35.2</td><td>0.88</td><td>4.16</td><td>-0.616</td><td>0.327 .. 6.537</td><td>0.15 .. 3.0</td><td>3.6231821737964216 .. 45.16991308258603</td><td>0.20937711024529046 .. 2.455493449130573</td><td>81</td><td>21.24269</td><td>0</td></tr>\n",
       "<tr><td>5067</td><td>47.90353753695014</td><td>-38.74192291745326</td><td>0.60954577</td><td>14.392</td><td>0.824</td><td>23.927</td><td>2.128</td><td>18.388</td><td>1.035</td><td>80.0</td><td>90.4</td><td>40.8</td><td>0.71</td><td>4.08</td><td>-1.42</td><td>0.359 .. 7.184</td><td>0.15 .. 3.0</td><td>8.546808838520024 .. 33.39099857651623</td><td>0.6387399474845994 .. 4.099803607764672</td><td>70</td><td>20.64382</td><td>0</td></tr>\n",
       "<tr><td>4371</td><td>47.92798390835343</td><td>-27.285952745052366</td><td>0.86121947</td><td>14.977</td><td>0.941</td><td>39.357</td><td>2.473</td><td>25.732</td><td>0.973</td><td>100.0</td><td>100.0</td><td>41.1</td><td>0.97</td><td>4.29</td><td>-1.469</td><td>0.315 .. 6.303</td><td>0.15 .. 3.0</td><td>13.498466451910502 .. 52.873807517854736</td><td>0.42952142022610124 .. 4.3427119704173895</td><td>116</td><td>21.576532</td><td>0</td></tr>\n",
       "<tr><td>3527</td><td>47.958502904852445</td><td>-38.772926979094095</td><td>0.5872425</td><td>15.892</td><td>0.738</td><td>14.855</td><td>2.194</td><td>11.048</td><td>1.323</td><td>98.2</td><td>99.2</td><td>45.1</td><td>0.74</td><td>4.42</td><td>-1.28</td><td>0.365 .. 7.308</td><td>0.15 .. 3.0</td><td>2.962296201318866 .. 20.559475787110962</td><td>0.6231794278833954 .. 3.410632216904217</td><td>47</td><td>20.52695</td><td>0</td></tr>\n",
       "<tr><td>4702</td><td>48.0051364201969</td><td>-27.13481060759936</td><td>0.69802916</td><td>14.693</td><td>1.025</td><td>38.573</td><td>2.319</td><td>21.627</td><td>1.192</td><td>80.4</td><td>91.6</td><td>49.7</td><td>0.75</td><td>3.82</td><td>-1.124</td><td>0.339 .. 6.783</td><td>0.15 .. 3.0</td><td>7.14745767240936 .. 44.07918812189877</td><td>0.4377174711621381 .. 2.8200244218277475</td><td>80</td><td>21.007298</td><td>0</td></tr>\n",
       "<tr><td>5832</td><td>48.06768314419819</td><td>-29.967078611332003</td><td>0.7894888</td><td>13.86</td><td>0.697</td><td>15.493</td><td>2.301</td><td>12.824</td><td>1.618</td><td>100.0</td><td>100.0</td><td>72.6</td><td>1.19</td><td>5.58</td><td>-1.659</td><td>0.324 .. 6.482</td><td>0.15 .. 3.0</td><td>9.272373889652107 .. 19.797209329575107</td><td>0.2713282374810731 .. 3.7687822273882774</td><td>57</td><td>21.303564</td><td>0</td></tr>\n",
       "<tr><td>6423</td><td>48.116562506674626</td><td>-41.67208147185484</td><td>0.54604834</td><td>13.521</td><td>0.754</td><td>18.834</td><td>1.101</td><td>15.863</td><td>0.687</td><td>100.0</td><td>100.0</td><td>66.3</td><td>0.64</td><td>4.09</td><td>-1.265</td><td>0.378 .. 7.569</td><td>0.15 .. 3.0</td><td>4.9718274762420105 .. 26.49045899683592</td><td>0.19814912281943836 .. 2.9356847409260554</td><td>61</td><td>20.311193</td><td>0</td></tr>\n",
       "<tr><td>6922</td><td>48.15152636185675</td><td>-30.30045320783226</td><td>0.7957192</td><td>13.24</td><td>0.905</td><td>32.991</td><td>1.888</td><td>18.55</td><td>1.286</td><td>90.7</td><td>96.3</td><td>53.7</td><td>0.93</td><td>4.31</td><td>-0.839</td><td>0.323 .. 6.464</td><td>0.15 .. 3.0</td><td>4.599718663946542 .. 46.99834970311754</td><td>0.18075798475105057 .. 2.5607532040486407</td><td>88</td><td>21.324589</td><td>0</td></tr>\n",
       "<tr><td>4781</td><td>48.15587222299769</td><td>-35.59505087788674</td><td>0.80648124</td><td>14.621</td><td>0.871</td><td>34.091</td><td>2.333</td><td>22.798</td><td>1.332</td><td>100.0</td><td>100.0</td><td>82.9</td><td>1.23</td><td>5.65</td><td>-1.013</td><td>0.322 .. 6.435</td><td>0.15 .. 3.0</td><td>6.406884985010174 .. 41.475328516751624</td><td>0.7020046906322606 .. 3.060090750286108</td><td>104</td><td>21.364246</td><td>0</td></tr>\n",
       "<tr><td>...</td><td>...</td><td>...</td><td>...</td><td>...</td><td>...</td><td>...</td><td>...</td><td>...</td><td>...</td><td>...</td><td>...</td><td>...</td><td>...</td><td>...</td><td>...</td><td>...</td><td>...</td><td>...</td><td>...</td><td>...</td><td>...</td><td>...</td></tr>\n",
       "<tr><td>17</td><td>75.52047949718369</td><td>-42.53395940772371</td><td>0.8487842</td><td>50.953</td><td>1.419</td><td>193.039</td><td>2.758</td><td>90.586</td><td>0.841</td><td>100.0</td><td>100.0</td><td>80.9</td><td>1.48</td><td>6.61</td><td>-1.198</td><td>0.317 .. 6.331</td><td>0.15 .. 3.0</td><td>29.564023721105713 .. 252.9076966386939</td><td>0.42763230857666773 .. 4.421249252591971</td><td>473</td><td>21.528383</td><td>0</td></tr>\n",
       "<tr><td>7173</td><td>75.52110404568515</td><td>-38.89928030373138</td><td>0.9811684</td><td>13.13</td><td>0.877</td><td>82.663</td><td>1.727</td><td>35.496</td><td>1.185</td><td>100.0</td><td>100.0</td><td>75.7</td><td>2.68</td><td>11.04</td><td>-0.455</td><td>0.304 .. 6.084</td><td>0.15 .. 3.0</td><td>5.770598347567979 .. 118.99505093101509</td><td>0.6422124066393363 .. 2.48460696027308</td><td>259</td><td>22.093596</td><td>0</td></tr>\n",
       "<tr><td>1900</td><td>75.52165306872448</td><td>-29.935888039012056</td><td>0.9835912</td><td>18.719</td><td>0.797</td><td>47.921</td><td>1.388</td><td>34.924</td><td>0.98</td><td>100.0</td><td>100.0</td><td>94.5</td><td>2.1</td><td>8.64</td><td>-0.867</td><td>0.304 .. 6.081</td><td>0.15 .. 3.0</td><td>8.855097304450442 .. 63.84934468419273</td><td>0.11630741865674946 .. 2.2218699788440373</td><td>148</td><td>22.103746</td><td>0</td></tr>\n",
       "<tr><td>7403</td><td>75.52523597182125</td><td>-42.60498128185094</td><td>0.84089124</td><td>13.027</td><td>0.797</td><td>38.043</td><td>1.812</td><td>28.256</td><td>1.232</td><td>100.0</td><td>100.0</td><td>77.9</td><td>1.57</td><td>7.03</td><td>-1.054</td><td>0.317 .. 6.349</td><td>0.15 .. 3.0</td><td>7.589199240206242 .. 58.78360640497512</td><td>0.6763052379380342 .. 3.4352320545569053</td><td>144</td><td>21.497759</td><td>0</td></tr>\n",
       "<tr><td>5798</td><td>75.56170280499829</td><td>-41.821495421349766</td><td>0.84787154</td><td>13.876</td><td>0.733</td><td>25.084</td><td>1.851</td><td>18.867</td><td>1.115</td><td>100.0</td><td>100.0</td><td>97.6</td><td>1.52</td><td>6.77</td><td>-1.033</td><td>0.317 .. 6.333</td><td>0.15 .. 3.0</td><td>5.8424293181621385 .. 32.51794517853408</td><td>0.20528404688171276 .. 2.3967026698120013</td><td>76</td><td>21.524841</td><td>0</td></tr>\n",
       "<tr><td>3328</td><td>75.61237194018035</td><td>-42.297960592506065</td><td>0.79177606</td><td>16.17</td><td>0.756</td><td>26.097</td><td>1.386</td><td>21.731</td><td>0.812</td><td>100.0</td><td>100.0</td><td>82.9</td><td>1.15</td><td>5.36</td><td>-1.491</td><td>0.324 .. 6.475</td><td>0.15 .. 3.0</td><td>11.472314152943628 .. 30.193849691499125</td><td>0.40812190455474984 .. 2.045543474130443</td><td>65</td><td>21.31122</td><td>0</td></tr>\n",
       "<tr><td>492</td><td>75.72154034910398</td><td>-29.91882264976411</td><td>0.118263714</td><td>26.002</td><td>1.328</td><td>49.391</td><td>2.387</td><td>22.949</td><td>1.057</td><td>85.0</td><td>93.6</td><td>33.5</td><td>0.04</td><td>2.04</td><td>-1.201</td><td>1.127 .. 22.54</td><td>0.15 .. 3.0</td><td>6.535402680915919 .. 54.902062076512706</td><td>0.31722272392305884 .. 3.282410294021803</td><td>79</td><td>16.645546</td><td>0</td></tr>\n",
       "<tr><td>4622</td><td>75.77268299008914</td><td>-38.563874428116186</td><td>0.4184028</td><td>14.773</td><td>1.334</td><td>37.434</td><td>3.702</td><td>21.376</td><td>1.423</td><td>92.9</td><td>97.1</td><td>46.6</td><td>0.24</td><td>2.05</td><td>-1.232</td><td>0.437 .. 8.749</td><td>0.15 .. 3.0</td><td>7.959222935963603 .. 48.33783244064042</td><td>0.44842494097308555 .. 4.5523574784758365</td><td>95</td><td>19.652056</td><td>0</td></tr>\n",
       "<tr><td>2386</td><td>75.80665887237951</td><td>-38.64520214103395</td><td>0.7325456</td><td>17.636</td><td>0.898</td><td>32.968</td><td>1.539</td><td>25.579</td><td>1.044</td><td>100.0</td><td>100.0</td><td>46.6</td><td>0.93</td><td>4.6</td><td>-1.184</td><td>0.333 .. 6.658</td><td>0.15 .. 3.0</td><td>6.555698715558682 .. 43.78001869334845</td><td>0.2778582155607823 .. 2.562809228540775</td><td>84</td><td>21.121246</td><td>0</td></tr>\n",
       "<tr><td>3826</td><td>75.86086291624243</td><td>-42.0370716104047</td><td>0.9561048</td><td>15.566</td><td>0.66</td><td>28.175</td><td>1.475</td><td>25.001</td><td>1.373</td><td>82.5</td><td>92.3</td><td>50.1</td><td>2.13</td><td>8.88</td><td>-1.112</td><td>0.306 .. 6.123</td><td>0.15 .. 3.0</td><td>6.255988327966135 .. 35.87237306954549</td><td>0.5672237798386621 .. 1.9838107777692802</td><td>79</td><td>21.985449</td><td>0</td></tr>\n",
       "</table></div>"
      ],
      "text/plain": [
       "<Table length=4531>\n",
       "   id           ra                 dec         ...  nmem   mstar   flag_pmem\n",
       "bytes30      float64             float64       ... int64  float32    int64  \n",
       "------- ------------------ ------------------- ... ----- --------- ---------\n",
       "   7193  47.86995951381351 -32.755165693480265 ...    81  21.24269         0\n",
       "   5067  47.90353753695014  -38.74192291745326 ...    70  20.64382         0\n",
       "   4371  47.92798390835343 -27.285952745052366 ...   116 21.576532         0\n",
       "   3527 47.958502904852445 -38.772926979094095 ...    47  20.52695         0\n",
       "   4702   48.0051364201969  -27.13481060759936 ...    80 21.007298         0\n",
       "   5832  48.06768314419819 -29.967078611332003 ...    57 21.303564         0\n",
       "   6423 48.116562506674626  -41.67208147185484 ...    61 20.311193         0\n",
       "   6922  48.15152636185675  -30.30045320783226 ...    88 21.324589         0\n",
       "   4781  48.15587222299769  -35.59505087788674 ...   104 21.364246         0\n",
       "    ...                ...                 ... ...   ...       ...       ...\n",
       "     17  75.52047949718369  -42.53395940772371 ...   473 21.528383         0\n",
       "   7173  75.52110404568515  -38.89928030373138 ...   259 22.093596         0\n",
       "   1900  75.52165306872448 -29.935888039012056 ...   148 22.103746         0\n",
       "   7403  75.52523597182125  -42.60498128185094 ...   144 21.497759         0\n",
       "   5798  75.56170280499829 -41.821495421349766 ...    76 21.524841         0\n",
       "   3328  75.61237194018035 -42.297960592506065 ...    65  21.31122         0\n",
       "    492  75.72154034910398  -29.91882264976411 ...    79 16.645546         0\n",
       "   4622  75.77268299008914 -38.563874428116186 ...    95 19.652056         0\n",
       "   2386  75.80665887237951  -38.64520214103395 ...    84 21.121246         0\n",
       "   3826  75.86086291624243   -42.0370716104047 ...    79 21.985449         0"
      ]
     },
     "metadata": {},
     "output_type": "display_data"
    },
    {
     "data": {
      "text/html": [
       "<div><i>Table length=165033</i>\n",
       "<table id=\"table140127041943536\" class=\"table-striped table-bordered table-condensed\">\n",
       "<thead><tr><th>ra_true</th><th>dec_true</th><th>redshift_true</th><th>NMEM_z_star2</th><th>r200c</th><th>halo_id</th><th>halo_mass</th><th>m200c</th></tr></thead>\n",
       "<thead><tr><th>float64</th><th>float64</th><th>float64</th><th>int64</th><th>float64</th><th>int64</th><th>float64</th><th>float64</th></tr></thead>\n",
       "<tr><td>50.957678900761394</td><td>-41.3448059771583</td><td>0.04803776741027832</td><td>13</td><td>0.8275436683439873</td><td>7300151475</td><td>7.462e+13</td><td>63046332035245.07</td></tr>\n",
       "<tr><td>49.50377592935664</td><td>-40.240490667975706</td><td>0.11421597003936768</td><td>12</td><td>0.860030214551469</td><td>43700151442</td><td>6.921e+13</td><td>60807967862264.79</td></tr>\n",
       "<tr><td>51.06907727982047</td><td>-39.64607328475867</td><td>0.1259174346923828</td><td>16</td><td>0.850044589647105</td><td>52300151442</td><td>6.297e+13</td><td>58720563188461.98</td></tr>\n",
       "<tr><td>50.52541974335929</td><td>-39.759854374325954</td><td>0.16475677490234375</td><td>16</td><td>0.9219506257016894</td><td>70700151421</td><td>1.2e+14</td><td>68254428849397.19</td></tr>\n",
       "<tr><td>50.54038986767568</td><td>-39.0704158967892</td><td>0.21005773544311523</td><td>31</td><td>1.1322081089019775</td><td>78600151411</td><td>1.486e+14</td><td>120390041092326.77</td></tr>\n",
       "<tr><td>50.170338564932</td><td>-39.51566808485035</td><td>0.2076319456100464</td><td>59</td><td>1.3884588866166667</td><td>95400151411</td><td>2.283e+14</td><td>222022091351977.47</td></tr>\n",
       "<tr><td>50.64208660915858</td><td>-41.40265859512897</td><td>0.19159162044525146</td><td>84</td><td>1.4041833474602499</td><td>130200151411</td><td>2.639e+14</td><td>229655937300912.7</td></tr>\n",
       "<tr><td>51.19489753953479</td><td>-40.87828426780436</td><td>0.18677890300750732</td><td>24</td><td>1.119497880129747</td><td>191900151411</td><td>1.279e+14</td><td>116379211308709.86</td></tr>\n",
       "<tr><td>50.13040773558871</td><td>-41.24880382828121</td><td>0.19323325157165527</td><td>13</td><td>0.8890673308305338</td><td>253900151411</td><td>7.091e+13</td><td>58288508524169.016</td></tr>\n",
       "<tr><td>...</td><td>...</td><td>...</td><td>...</td><td>...</td><td>...</td><td>...</td><td>...</td></tr>\n",
       "<tr><td>74.33997051229849</td><td>-39.66180880329787</td><td>2.811185598373413</td><td>14</td><td>0.7606825358431104</td><td>7386800146127</td><td>1.322e+13</td><td>-1.0</td></tr>\n",
       "<tr><td>74.00046305188938</td><td>-38.494450464283716</td><td>2.8118510246276855</td><td>11</td><td>0.8984100650733626</td><td>7907600146127</td><td>2.154e+13</td><td>-1.0</td></tr>\n",
       "<tr><td>74.9787115427494</td><td>-39.53938374692757</td><td>2.9137115478515625</td><td>10</td><td>0.46847366111379274</td><td>542900146124</td><td>3.17e+12</td><td>-1.0</td></tr>\n",
       "<tr><td>75.36350806765532</td><td>-38.36460620766874</td><td>2.869194507598877</td><td>11</td><td>0.8883953933984461</td><td>545400146124</td><td>2.386e+13</td><td>-1.0</td></tr>\n",
       "<tr><td>74.82861425541878</td><td>-39.85589718963985</td><td>2.8554792404174805</td><td>11</td><td>0.8528773213776065</td><td>1980900146124</td><td>1.861e+13</td><td>-1.0</td></tr>\n",
       "<tr><td>74.36169557409839</td><td>-38.35375234209698</td><td>2.9269635677337646</td><td>11</td><td>0.7558710978064739</td><td>3300400146124</td><td>1.279e+13</td><td>-1.0</td></tr>\n",
       "<tr><td>74.22276294179544</td><td>-38.35001292691405</td><td>2.928920269012451</td><td>10</td><td>0.7251799946099939</td><td>3500600146124</td><td>1.071e+13</td><td>-1.0</td></tr>\n",
       "<tr><td>74.04986283325118</td><td>-39.36388804633259</td><td>2.933541774749756</td><td>12</td><td>0.5271311377135801</td><td>4598700146124</td><td>8.001e+12</td><td>-1.0</td></tr>\n",
       "<tr><td>74.13452829620286</td><td>-38.530131826966084</td><td>3.0216541290283203</td><td>11</td><td>0.8371874480180338</td><td>1486000146121</td><td>1.834e+13</td><td>-1.0</td></tr>\n",
       "<tr><td>74.31543023533824</td><td>-38.76409304018537</td><td>2.9787964820861816</td><td>13</td><td>0.9276148299096336</td><td>4773800146121</td><td>2.424e+13</td><td>-1.0</td></tr>\n",
       "</table></div>"
      ],
      "text/plain": [
       "<Table length=165033>\n",
       "     ra_true             dec_true      ...   halo_mass         m200c       \n",
       "     float64             float64       ...    float64         float64      \n",
       "------------------ ------------------- ... ------------- ------------------\n",
       "50.957678900761394   -41.3448059771583 ...     7.462e+13  63046332035245.07\n",
       " 49.50377592935664 -40.240490667975706 ...     6.921e+13  60807967862264.79\n",
       " 51.06907727982047  -39.64607328475867 ...     6.297e+13  58720563188461.98\n",
       " 50.52541974335929 -39.759854374325954 ...       1.2e+14  68254428849397.19\n",
       " 50.54038986767568   -39.0704158967892 ...     1.486e+14 120390041092326.77\n",
       "   50.170338564932  -39.51566808485035 ...     2.283e+14 222022091351977.47\n",
       " 50.64208660915858  -41.40265859512897 ...     2.639e+14  229655937300912.7\n",
       " 51.19489753953479  -40.87828426780436 ...     1.279e+14 116379211308709.86\n",
       " 50.13040773558871  -41.24880382828121 ...     7.091e+13 58288508524169.016\n",
       "               ...                 ... ...           ...                ...\n",
       " 74.33997051229849  -39.66180880329787 ...     1.322e+13               -1.0\n",
       " 74.00046305188938 -38.494450464283716 ...     2.154e+13               -1.0\n",
       "  74.9787115427494  -39.53938374692757 ...      3.17e+12               -1.0\n",
       " 75.36350806765532  -38.36460620766874 ...     2.386e+13               -1.0\n",
       " 74.82861425541878  -39.85589718963985 ...     1.861e+13               -1.0\n",
       " 74.36169557409839  -38.35375234209698 ...     1.279e+13               -1.0\n",
       " 74.22276294179544  -38.35001292691405 ...     1.071e+13               -1.0\n",
       " 74.04986283325118  -39.36388804633259 ...     8.001e+12               -1.0\n",
       " 74.13452829620286 -38.530131826966084 ...     1.834e+13               -1.0\n",
       " 74.31543023533824  -38.76409304018537 ...     2.424e+13               -1.0"
      ]
     },
     "metadata": {},
     "output_type": "display_data"
    },
    {
     "data": {
      "text/html": [
       "<div><i>Table length=3735</i>\n",
       "<table id=\"table140127223244720\" class=\"table-striped table-bordered table-condensed\">\n",
       "<thead><tr><th>richness</th><th>redshift</th><th>ra</th><th>dec</th></tr></thead>\n",
       "<thead><tr><th>float32</th><th>float32</th><th>float64</th><th>float64</th></tr></thead>\n",
       "<tr><td>190.70665</td><td>0.5135129</td><td>52.520436430812914</td><td>-25.717996124671657</td></tr>\n",
       "<tr><td>179.12813</td><td>0.5712697</td><td>56.920376528125075</td><td>-27.20434071042304</td></tr>\n",
       "<tr><td>167.33603</td><td>0.63518524</td><td>58.56362402841767</td><td>-27.429961828331713</td></tr>\n",
       "<tr><td>111.9147</td><td>0.44230303</td><td>58.35519782866568</td><td>-26.867687128773035</td></tr>\n",
       "<tr><td>104.439766</td><td>0.46697217</td><td>57.76575707007693</td><td>-28.119101936484828</td></tr>\n",
       "<tr><td>103.49396</td><td>0.4413634</td><td>58.509466974185045</td><td>-26.989676182075844</td></tr>\n",
       "<tr><td>89.59668</td><td>0.56753683</td><td>52.67840938259691</td><td>-25.63184326314064</td></tr>\n",
       "<tr><td>77.40795</td><td>0.5004612</td><td>55.921967922754376</td><td>-28.132262944443035</td></tr>\n",
       "<tr><td>82.35056</td><td>0.4993054</td><td>55.75070083388977</td><td>-28.927070831301904</td></tr>\n",
       "<tr><td>...</td><td>...</td><td>...</td><td>...</td></tr>\n",
       "<tr><td>25.81563</td><td>0.5964912</td><td>71.54311325540449</td><td>-45.714341935274035</td></tr>\n",
       "<tr><td>26.09022</td><td>0.7706641</td><td>69.02874249366943</td><td>-43.082954660338096</td></tr>\n",
       "<tr><td>20.979803</td><td>0.21609448</td><td>69.72548418257327</td><td>-44.85899227274039</td></tr>\n",
       "<tr><td>20.552664</td><td>0.59973145</td><td>69.3410849855608</td><td>-44.344363773896504</td></tr>\n",
       "<tr><td>24.808802</td><td>0.50241864</td><td>67.4201982462429</td><td>-42.13814633048876</td></tr>\n",
       "<tr><td>23.649424</td><td>0.66139066</td><td>67.79146770800179</td><td>-46.00915075168946</td></tr>\n",
       "<tr><td>20.598429</td><td>0.6294937</td><td>70.61901412384537</td><td>-45.553655942200784</td></tr>\n",
       "<tr><td>22.047651</td><td>0.70909023</td><td>69.44691978235045</td><td>-44.29942899928225</td></tr>\n",
       "<tr><td>20.17129</td><td>0.63951564</td><td>70.00553033713675</td><td>-44.77050284716118</td></tr>\n",
       "<tr><td>24.061308</td><td>0.6033121</td><td>69.75857655515159</td><td>-45.31790281536228</td></tr>\n",
       "</table></div>"
      ],
      "text/plain": [
       "<Table length=3735>\n",
       " richness   redshift          ra                 dec        \n",
       " float32    float32        float64             float64      \n",
       "---------- ---------- ------------------ -------------------\n",
       " 190.70665  0.5135129 52.520436430812914 -25.717996124671657\n",
       " 179.12813  0.5712697 56.920376528125075  -27.20434071042304\n",
       " 167.33603 0.63518524  58.56362402841767 -27.429961828331713\n",
       "  111.9147 0.44230303  58.35519782866568 -26.867687128773035\n",
       "104.439766 0.46697217  57.76575707007693 -28.119101936484828\n",
       " 103.49396  0.4413634 58.509466974185045 -26.989676182075844\n",
       "  89.59668 0.56753683  52.67840938259691  -25.63184326314064\n",
       "  77.40795  0.5004612 55.921967922754376 -28.132262944443035\n",
       "  82.35056  0.4993054  55.75070083388977 -28.927070831301904\n",
       "       ...        ...                ...                 ...\n",
       "  25.81563  0.5964912  71.54311325540449 -45.714341935274035\n",
       "  26.09022  0.7706641  69.02874249366943 -43.082954660338096\n",
       " 20.979803 0.21609448  69.72548418257327  -44.85899227274039\n",
       " 20.552664 0.59973145   69.3410849855608 -44.344363773896504\n",
       " 24.808802 0.50241864   67.4201982462429  -42.13814633048876\n",
       " 23.649424 0.66139066  67.79146770800179  -46.00915075168946\n",
       " 20.598429  0.6294937  70.61901412384537 -45.553655942200784\n",
       " 22.047651 0.70909023  69.44691978235045  -44.29942899928225\n",
       "  20.17129 0.63951564  70.00553033713675  -44.77050284716118\n",
       " 24.061308  0.6033121  69.75857655515159  -45.31790281536228"
      ]
     },
     "metadata": {},
     "output_type": "display_data"
    }
   ],
   "source": [
    "import GCRCatalogs\n",
    "redmapper_cosmodc2_cl = GCRCatalogs.load_catalog(\"cosmoDC2_v1.1.4_redmapper_v0.8.1\")\n",
    "print(redmapper_cosmodc2_cl.list_all_quantities())\n",
    "data_redmapper = redmapper_cosmodc2_cl.get_quantities([\"ra\", \"dec\", \"redshift\", \"richness\"])\n",
    "redmapper_table = Table(data_redmapper)\n",
    "\n",
    "wazp_cosmodc2_path = '/sps/lsst/groups/clusters/cl_pipeline_project/pywazp_gaussian_catalogs/010/wazp_clusters.fits'\n",
    "wazp_cosmodc2_path_filtered = '/sps/lsst/groups/clusters/cl_pipeline_project/pywazp_gaussian_catalogs/010/wazp_clusters_snr10_rich20.fits'\n",
    "wazp_cosmodc2_cl = Table.read(wazp_cosmodc2_path)\n",
    "halo_path = \"/sps/lsst/groups/clusters/cl_pipeline_project/pywazp_gaussian_catalogs/full_halo_catalog_with_m200c_cut.fits\"\n",
    "halo_catalog = Table.read(halo_path)\n",
    "\n",
    "\n",
    "def clean_mt_cols(table):\n",
    "    for col in list(table.colnames):\n",
    "        if col.startswith(\"mt_\"):\n",
    "            table.remove_column(col)\n",
    "    return table\n",
    "halo_catalog = clean_mt_cols(halo_catalog)\n",
    "\n",
    "redmapper_cosmodc2_path = \"/sps/lsst/groups/clusters/cl_pipeline_project/redmapper_cosmodc2_20rich.fits\"\n",
    "\n",
    "#### CUTS #####\n",
    "wazp_cosmodc2_cl = wazp_cosmodc2_cl[\n",
    "    (wazp_cosmodc2_cl[\"snr\"] >= 13.0) & \n",
    "    # (wazp_cosmodc2_cl[\"n200\"] >= 20.0) &\n",
    "    (wazp_cosmodc2_cl[\"zp\"] <= 1.0)]\n",
    "redmapper_table = redmapper_table[\n",
    "    (redmapper_table[\"richness\"] >= 20.0) &\n",
    "    (redmapper_table[\"redshift\"] <= 1.0)\n",
    "]\n",
    "\n",
    "redmapper_table.write(redmapper_cosmodc2_path, overwrite=True)\n",
    "wazp_cosmodc2_cl.write(wazp_cosmodc2_path_filtered, overwrite=True)               \n",
    "display(wazp_cosmodc2_cl)\n",
    "display(halo_catalog)\n",
    "display(redmapper_table)"
   ]
  },
  {
   "cell_type": "code",
   "execution_count": 15,
   "id": "0af1d34a-7db2-4cc1-ab7e-abf3d15aac4d",
   "metadata": {},
   "outputs": [],
   "source": [
    "cl_redmapper_tags = {'mass':'richness', 'z':'redshift', 'ra':'ra','dec':'dec'}\n",
    "cl_wazp_tags = {'mass':'n200', 'z':'zp','ra':'ra','dec':'dec', 'snr':'snr'}\n",
    "halo_tags = {'id':'halo_id', 'mass':'m200c', 'z':'redshift_true', 'ra':'ra_true','dec':'dec_true'}\n"
   ]
  },
  {
   "cell_type": "code",
   "execution_count": 16,
   "id": "19d46c90-c143-4370-9234-2e88bc2123a1",
   "metadata": {},
   "outputs": [
    {
     "name": "stderr",
     "output_type": "stream",
     "text": [
      "/sps/lsst/users/ebarroso/conda_envs/firecrown_clp/lib/python3.13/site-packages/clevar/catalog/tagdata.py:308: UserWarning: id column missing, additional one is being created.\n",
      "  warnings.warn(f\"{id_name} column missing, additional one is being created.\")\n"
     ]
    }
   ],
   "source": [
    "cat_red = ClCatalog(data = redmapper_table,tags=cl_redmapper_tags, name='cat_red')\n",
    "cat_wazp = ClCatalog(data = wazp_cosmodc2_cl,tags=cl_wazp_tags, name='cat_wazp')\n",
    "cat_halo = ClCatalog(data = halo_catalog,tags=halo_tags, name='cat_halo')"
   ]
  },
  {
   "cell_type": "code",
   "execution_count": 17,
   "id": "630de199-fd7b-4592-ac52-c20451dab8cc",
   "metadata": {},
   "outputs": [
    {
     "data": {
      "text/html": [
       "<b>cat_halo</b><br></b><b>tags:</b> halo_id(id), m200c(mass), redshift_true(z), ra_true(ra), dec_true(dec)<br><b>Radius unit:</b> None<br><div><i>ClData length=165033</i>\n",
       "<table id=\"table140126641099088\" class=\"table-striped table-bordered table-condensed\">\n",
       "<thead><tr><th>halo_id (id)</th><th>m200c (mass)</th><th>redshift_true (z)</th><th>ra_true (ra)</th><th>dec_true (dec)</th><th>NMEM_z_star2</th><th>r200c</th><th>halo_mass</th></tr></thead>\n",
       "<thead><tr><th>str21</th><th>float64</th><th>float64</th><th>float64</th><th>float64</th><th>int64</th><th>float64</th><th>float64</th></tr></thead>\n",
       "<tr><td>7300151475</td><td>63046332035245.07</td><td>0.04803776741027832</td><td>50.957678900761394</td><td>-41.3448059771583</td><td>13</td><td>0.8275436683439873</td><td>7.462e+13</td></tr>\n",
       "<tr><td>43700151442</td><td>60807967862264.79</td><td>0.11421597003936768</td><td>49.50377592935664</td><td>-40.240490667975706</td><td>12</td><td>0.860030214551469</td><td>6.921e+13</td></tr>\n",
       "<tr><td>52300151442</td><td>58720563188461.98</td><td>0.1259174346923828</td><td>51.06907727982047</td><td>-39.64607328475867</td><td>16</td><td>0.850044589647105</td><td>6.297e+13</td></tr>\n",
       "<tr><td>70700151421</td><td>68254428849397.19</td><td>0.16475677490234375</td><td>50.52541974335929</td><td>-39.759854374325954</td><td>16</td><td>0.9219506257016894</td><td>1.2e+14</td></tr>\n",
       "<tr><td>78600151411</td><td>120390041092326.77</td><td>0.21005773544311523</td><td>50.54038986767568</td><td>-39.0704158967892</td><td>31</td><td>1.1322081089019775</td><td>1.486e+14</td></tr>\n",
       "<tr><td>95400151411</td><td>222022091351977.47</td><td>0.2076319456100464</td><td>50.170338564932</td><td>-39.51566808485035</td><td>59</td><td>1.3884588866166667</td><td>2.283e+14</td></tr>\n",
       "<tr><td>130200151411</td><td>229655937300912.7</td><td>0.19159162044525146</td><td>50.64208660915858</td><td>-41.40265859512897</td><td>84</td><td>1.4041833474602499</td><td>2.639e+14</td></tr>\n",
       "<tr><td>191900151411</td><td>116379211308709.86</td><td>0.18677890300750732</td><td>51.19489753953479</td><td>-40.87828426780436</td><td>24</td><td>1.119497880129747</td><td>1.279e+14</td></tr>\n",
       "<tr><td>253900151411</td><td>58288508524169.016</td><td>0.19323325157165527</td><td>50.13040773558871</td><td>-41.24880382828121</td><td>13</td><td>0.8890673308305338</td><td>7.091e+13</td></tr>\n",
       "<tr><td>...</td><td>...</td><td>...</td><td>...</td><td>...</td><td>...</td><td>...</td><td>...</td></tr>\n",
       "<tr><td>7386800146127</td><td>-1.0</td><td>2.811185598373413</td><td>74.33997051229849</td><td>-39.66180880329787</td><td>14</td><td>0.7606825358431104</td><td>1.322e+13</td></tr>\n",
       "<tr><td>7907600146127</td><td>-1.0</td><td>2.8118510246276855</td><td>74.00046305188938</td><td>-38.494450464283716</td><td>11</td><td>0.8984100650733626</td><td>2.154e+13</td></tr>\n",
       "<tr><td>542900146124</td><td>-1.0</td><td>2.9137115478515625</td><td>74.9787115427494</td><td>-39.53938374692757</td><td>10</td><td>0.46847366111379274</td><td>3.17e+12</td></tr>\n",
       "<tr><td>545400146124</td><td>-1.0</td><td>2.869194507598877</td><td>75.36350806765532</td><td>-38.36460620766874</td><td>11</td><td>0.8883953933984461</td><td>2.386e+13</td></tr>\n",
       "<tr><td>1980900146124</td><td>-1.0</td><td>2.8554792404174805</td><td>74.82861425541878</td><td>-39.85589718963985</td><td>11</td><td>0.8528773213776065</td><td>1.861e+13</td></tr>\n",
       "<tr><td>3300400146124</td><td>-1.0</td><td>2.9269635677337646</td><td>74.36169557409839</td><td>-38.35375234209698</td><td>11</td><td>0.7558710978064739</td><td>1.279e+13</td></tr>\n",
       "<tr><td>3500600146124</td><td>-1.0</td><td>2.928920269012451</td><td>74.22276294179544</td><td>-38.35001292691405</td><td>10</td><td>0.7251799946099939</td><td>1.071e+13</td></tr>\n",
       "<tr><td>4598700146124</td><td>-1.0</td><td>2.933541774749756</td><td>74.04986283325118</td><td>-39.36388804633259</td><td>12</td><td>0.5271311377135801</td><td>8.001e+12</td></tr>\n",
       "<tr><td>1486000146121</td><td>-1.0</td><td>3.0216541290283203</td><td>74.13452829620286</td><td>-38.530131826966084</td><td>11</td><td>0.8371874480180338</td><td>1.834e+13</td></tr>\n",
       "<tr><td>4773800146121</td><td>-1.0</td><td>2.9787964820861816</td><td>74.31543023533824</td><td>-38.76409304018537</td><td>13</td><td>0.9276148299096336</td><td>2.424e+13</td></tr>\n",
       "</table></div>"
      ],
      "text/plain": [
       "<clevar.catalog.catalog.ClCatalog at 0x7f71e8515590>"
      ]
     },
     "metadata": {},
     "output_type": "display_data"
    }
   ],
   "source": [
    "display(cat_halo)"
   ]
  },
  {
   "cell_type": "code",
   "execution_count": 18,
   "id": "11565c3c-b74c-455d-8019-0d3ca36be970",
   "metadata": {},
   "outputs": [
    {
     "name": "stdout",
     "output_type": "stream",
     "text": [
      "\n",
      "## ClCatalog 1\n",
      "## Prep mt_cols\n",
      "### Prep z_cols\n",
      "* zmin|zmax from config value\n",
      "### Prep ang_cols\n",
      "* ang radius from set scale\n",
      "\n",
      "## ClCatalog 2\n",
      "## Prep mt_cols\n",
      "### Prep z_cols\n",
      "* zmin|zmax from config value\n",
      "### Prep ang_cols\n",
      "* ang radius from set scale\n",
      "\n",
      "## Multiple match (catalog 1)\n",
      "Finding candidates (cat_red)\n",
      "* 2,821/3,735 objects matched.\n",
      "\n",
      "## Multiple match (catalog 2)\n",
      "Finding candidates (cat_wazp)\n",
      "* 2,894/4,531 objects matched.\n",
      "\n",
      "## Finding unique matches of catalog 1\n",
      "Unique Matches (cat_red)\n",
      "* 2,770/3,735 objects matched.\n",
      "\n",
      "## Finding unique matches of catalog 2\n",
      "Unique Matches (cat_wazp)\n",
      "* 2,770/4,531 objects matched.\n",
      "Cross Matches (cat_red)\n",
      "* 2,770/3,735 objects matched.\n",
      "Cross Matches (cat_wazp)\n",
      "* 2,770/4,531 objects matched.\n",
      "\n",
      "## ClCatalog 1\n",
      "## Prep mt_cols\n",
      "### Prep z_cols\n",
      "* zmin|zmax from config value\n",
      "### Prep ang_cols\n",
      "* ang radius from set scale\n",
      "\n",
      "## ClCatalog 2\n",
      "## Prep mt_cols\n",
      "### Prep z_cols\n",
      "* zmin|zmax from config value\n",
      "### Prep ang_cols\n",
      "* ang radius from set scale\n",
      "\n",
      "## Multiple match (catalog 1)\n",
      "Finding candidates (cat_red)\n",
      "* 3,731/3,735 objects matched.\n",
      "\n",
      "## Multiple match (catalog 2)\n",
      "Finding candidates (cat_halo)\n",
      "* 8,307/165,033 objects matched.s\n",
      "\n",
      "## Finding unique matches of catalog 1\n",
      "Unique Matches (cat_red)\n",
      "* 3,726/3,735 objects matched.\n",
      "\n",
      "## Finding unique matches of catalog 2\n",
      "Unique Matches (cat_halo)\n",
      "* 3,726/165,033 objects matched.\n",
      "Cross Matches (cat_red)\n",
      "* 3,726/3,735 objects matched.\n",
      "Cross Matches (cat_halo)\n",
      "* 3,726/165,033 objects matched.\n",
      "\n",
      "## ClCatalog 1\n",
      "## Prep mt_cols\n",
      "### Prep z_cols\n",
      "* zmin|zmax from config value\n",
      "### Prep ang_cols\n",
      "* ang radius from set scale\n",
      "\n",
      "## ClCatalog 2\n",
      "## Prep mt_cols\n",
      "### Prep z_cols\n",
      "* zmin|zmax from config value\n",
      "### Prep ang_cols\n",
      "* ang radius from set scale\n",
      "\n",
      "## Multiple match (catalog 1)\n",
      "Finding candidates (cat_wazp)\n",
      "* 4,518/4,531 objects matched.\n",
      "\n",
      "## Multiple match (catalog 2)\n",
      "Finding candidates (cat_halo)\n",
      "* 9,902/165,033 objects matched.s\n",
      "\n",
      "## Finding unique matches of catalog 1\n",
      "Unique Matches (cat_wazp)\n",
      "* 4,512/4,531 objects matched.\n",
      "\n",
      "## Finding unique matches of catalog 2\n",
      "Unique Matches (cat_halo)\n",
      "* 4,512/165,033 objects matched.\n",
      "Cross Matches (cat_wazp)\n",
      "* 4,512/4,531 objects matched.\n",
      "Cross Matches (cat_halo)\n",
      "* 4,512/165,033 objects matched.\n"
     ]
    }
   ],
   "source": [
    "from astropy.cosmology import FlatLambdaCDM\n",
    "from clevar.cosmology import AstroPyCosmology\n",
    "from clevar.match import output_matched_catalog\n",
    "\n",
    "cosmo_astropy = FlatLambdaCDM(\n",
    "    H0=71.0,\n",
    "    Om0=0.2648,\n",
    "    Ob0=0.0448\n",
    ")\n",
    "\n",
    "cosmo = AstroPyCosmology()\n",
    "cosmo._init_from_cosmo(be_cosmo=cosmo_astropy)\n",
    "mt = ProximityMatch()\n",
    "match_config = {\n",
    "    'type': 'cross', # options are cross, cat1, cat2\n",
    "    'which_radius': 'max', # Case of radius to be used, can be: cat1, cat2, min, max\n",
    "    'preference': 'more_massive', # options are more_massive, angular_proximity or redshift_proximity\n",
    "    'catalog1': {'delta_z':.2,\n",
    "                'match_radius': '1 mpc'\n",
    "                },\n",
    "    'catalog2': {'delta_z':.2,\n",
    "                'match_radius': '1 mpc'\n",
    "                }\n",
    "}\n",
    "#### Match Redmapper to Wazp #####\n",
    "mt.match_from_config(cat_red, cat_wazp, match_config, cosmo=cosmo)\n",
    "\n",
    "\n",
    "output_matched_catalog(\n",
    "    redmapper_cosmodc2_path,\n",
    "    wazp_cosmodc2_path_filtered,  \n",
    "    \"/sps/lsst/groups/clusters/cl_pipeline_project/wazp_01zp_redmapper_matched.fits\",\n",
    "    cat_red, \n",
    "    cat_wazp,\n",
    "    overwrite=True)\n",
    "\n",
    "#### Match Redmapper to Halos #####\n",
    "cat_red = ClCatalog(data = redmapper_table,tags=cl_redmapper_tags, name='cat_red')\n",
    "cat_wazp = ClCatalog(data = wazp_cosmodc2_cl,tags=cl_wazp_tags, name='cat_wazp')\n",
    "cat_halo = ClCatalog(data = halo_catalog,tags=halo_tags, name='cat_halo')\n",
    "mt.match_from_config(cat_red, cat_halo, match_config, cosmo=cosmo)\n",
    "output_matched_catalog(\n",
    "    redmapper_cosmodc2_path,\n",
    "    halo_path,  \n",
    "    \"/sps/lsst/groups/clusters/cl_pipeline_project/redmapper_20rich_halo_matched.fits\",\n",
    "    cat_red, \n",
    "    cat_halo,\n",
    "    overwrite=True)\n",
    "\n",
    "#### Match Wazp to Halos #####\n",
    "cat_red = ClCatalog(data = redmapper_table,tags=cl_redmapper_tags, name='cat_red')\n",
    "cat_wazp = ClCatalog(data = wazp_cosmodc2_cl,tags=cl_wazp_tags, name='cat_wazp')\n",
    "cat_halo = ClCatalog(data = halo_catalog,tags=halo_tags, name='cat_halo')\n",
    "mt.match_from_config(cat_wazp, cat_halo, match_config, cosmo=cosmo)\n",
    "output_matched_catalog(\n",
    "    wazp_cosmodc2_path_filtered,\n",
    "    halo_path,  \n",
    "    \"/sps/lsst/groups/clusters/cl_pipeline_project/wazp_01zp_10snr_20rich_halo_matched.fits\",\n",
    "    cat_wazp, \n",
    "    cat_halo,\n",
    "    overwrite=True)"
   ]
  },
  {
   "cell_type": "code",
   "execution_count": 36,
   "id": "8315b6bf-8df5-4fe5-8757-1fc9294e1f1d",
   "metadata": {},
   "outputs": [
    {
     "name": "stderr",
     "output_type": "stream",
     "text": [
      "/tmp/ipykernel_4520/1291590102.py:6: RuntimeWarning: invalid value encountered in log10\n",
      "  matched_wazp_halo ['cat2_log_m200c'] = np.log10(matched_wazp_halo['cat2_m200c'])\n"
     ]
    }
   ],
   "source": [
    "matched_wazp_red = Table.read(\"/sps/lsst/groups/clusters/cl_pipeline_project/wazp_01zp_redmapper_matched.fits\")\n",
