/sps/lsst/groups/clusters/cl_pipeline_project/conda_envs/txpipe_clp/lib/python3.12/site-packages/ceci/__init__.py:12: UserWarning: pkg_resources is deprecated as an API. See https://setuptools.pypa.io/en/latest/pkg_resources.html. The pkg_resources package is slated for removal as early as 2025-11-30. Refrain from using this package or pin to Setuptools<81.
  from pkg_resources import DistributionNotFound
NOTE/WARNING: Expected output file /sps/lsst/groups/clusters/cl_pipeline_project/TXPipe_data/cosmodc2/outputs-full-2026//cluster_sacc_catalog.sacc was not generated.
Executing stage: CLClusterSACC @ 2026-02-17 13:26:57.130675
/sps/lsst/groups/clusters/cl_pipeline_project/TXPipe_data/cosmodc2/outputs-full-2026//cluster_profiles.pkl
{'bin_zbin_0_richbin_0': {'cluster_bin_edges': {'rich_max': np.float64(35.0), 'rich_min': np.float64(20.0), 'z_max': np.float64(0.3), 'z_min': np.float64(0.2)}, 'n_cl': 142, 'clmm_cluster_ensemble': <clmm.clusterensemble.ClusterEnsemble object at 0x1458988b9220>, 'profile_type': 'delta_sigma'}, 'bin_zbin_0_richbin_1': {'cluster_bin_edges': {'rich_max': np.float64(70.0), 'rich_min': np.float64(35.0), 'z_max': np.float64(0.3), 'z_min': np.float64(0.2)}, 'n_cl': 73, 'clmm_cluster_ensemble': <clmm.clusterensemble.ClusterEnsemble object at 0x145895671d90>, 'profile_type': 'delta_sigma'}, 'bin_zbin_0_richbin_2': {'cluster_bin_edges': {'rich_max': np.float64(100.0), 'rich_min': np.float64(70.0), 'z_max': np.float64(0.3), 'z_min': np.float64(0.2)}, 'n_cl': 14, 'clmm_cluster_ensemble': <clmm.clusterensemble.ClusterEnsemble object at 0x14589564bb00>, 'profile_type': 'delta_sigma'}, 'bin_zbin_0_richbin_3': {'cluster_bin_edges': {'rich_max': np.float64(200.0), 'rich_min': np.float64(100.0), 'z_max': np.float64(0.3), 'z_min': np.float64(0.2)}, 'n_cl': 6, 'clmm_cluster_ensemble': <clmm.clusterensemble.ClusterEnsemble object at 0x1458956729f0>, 'profile_type': 'delta_sigma'}, 'bin_zbin_1_richbin_0': {'cluster_bin_edges': {'rich_max': np.float64(35.0), 'rich_min': np.float64(20.0), 'z_max': np.float64(0.4), 'z_min': np.float64(0.3)}, 'n_cl': 255, 'clmm_cluster_ensemble': <clmm.clusterensemble.ClusterEnsemble object at 0x145895673200>, 'profile_type': 'delta_sigma'}, 'bin_zbin_1_richbin_1': {'cluster_bin_edges': {'rich_max': np.float64(70.0), 'rich_min': np.float64(35.0), 'z_max': np.float64(0.4), 'z_min': np.float64(0.3)}, 'n_cl': 104, 'clmm_cluster_ensemble': <clmm.clusterensemble.ClusterEnsemble object at 0x145895673a10>, 'profile_type': 'delta_sigma'}, 'bin_zbin_1_richbin_2': {'cluster_bin_edges': {'rich_max': np.float64(100.0), 'rich_min': np.float64(70.0), 'z_max': np.float64(0.4), 'z_min': np.float64(0.3)}, 'n_cl': 13, 'clmm_cluster_ensemble': <clmm.clusterensemble.ClusterEnsemble object at 0x14588cf18260>, 'profile_type': 'delta_sigma'}, 'bin_zbin_1_richbin_3': {'cluster_bin_edges': {'rich_max': np.float64(200.0), 'rich_min': np.float64(100.0), 'z_max': np.float64(0.4), 'z_min': np.float64(0.3)}, 'n_cl': 6, 'clmm_cluster_ensemble': <clmm.clusterensemble.ClusterEnsemble object at 0x14588cf18ad0>, 'profile_type': 'delta_sigma'}, 'bin_zbin_2_richbin_0': {'cluster_bin_edges': {'rich_max': np.float64(35.0), 'rich_min': np.float64(20.0), 'z_max': np.float64(0.5), 'z_min': np.float64(0.4)}, 'n_cl': 305, 'clmm_cluster_ensemble': <clmm.clusterensemble.ClusterEnsemble object at 0x14588cf192e0>, 'profile_type': 'delta_sigma'}, 'bin_zbin_2_richbin_1': {'cluster_bin_edges': {'rich_max': np.float64(70.0), 'rich_min': np.float64(35.0), 'z_max': np.float64(0.5), 'z_min': np.float64(0.4)}, 'n_cl': 137, 'clmm_cluster_ensemble': <clmm.clusterensemble.ClusterEnsemble object at 0x14588cf19af0>, 'profile_type': 'delta_sigma'}, 'bin_zbin_2_richbin_2': {'cluster_bin_edges': {'rich_max': np.float64(100.0), 'rich_min': np.float64(70.0), 'z_max': np.float64(0.5), 'z_min': np.float64(0.4)}, 'n_cl': 17, 'clmm_cluster_ensemble': <clmm.clusterensemble.ClusterEnsemble object at 0x14588cf1a300>, 'profile_type': 'delta_sigma'}, 'bin_zbin_2_richbin_3': {'cluster_bin_edges': {'rich_max': np.float64(200.0), 'rich_min': np.float64(100.0), 'z_max': np.float64(0.5), 'z_min': np.float64(0.4)}, 'n_cl': 17, 'clmm_cluster_ensemble': <clmm.clusterensemble.ClusterEnsemble object at 0x14588cf1ab40>, 'profile_type': 'delta_sigma'}, 'bin_zbin_3_richbin_0': {'cluster_bin_edges': {'rich_max': np.float64(35.0), 'rich_min': np.float64(20.0), 'z_max': np.float64(0.6), 'z_min': np.float64(0.5)}, 'n_cl': 362, 'clmm_cluster_ensemble': <clmm.clusterensemble.ClusterEnsemble object at 0x14588cf1b380>, 'profile_type': 'delta_sigma'}, 'bin_zbin_3_richbin_1': {'cluster_bin_edges': {'rich_max': np.float64(70.0), 'rich_min': np.float64(35.0), 'z_max': np.float64(0.6), 'z_min': np.float64(0.5)}, 'n_cl': 122, 'clmm_cluster_ensemble': <clmm.clusterensemble.ClusterEnsemble object at 0x14588cf1bb90>, 'profile_type': 'delta_sigma'}, 'bin_zbin_3_richbin_2': {'cluster_bin_edges': {'rich_max': np.float64(100.0), 'rich_min': np.float64(70.0), 'z_max': np.float64(0.6), 'z_min': np.float64(0.5)}, 'n_cl': 19, 'clmm_cluster_ensemble': <clmm.clusterensemble.ClusterEnsemble object at 0x14588cf5c3e0>, 'profile_type': 'delta_sigma'}, 'bin_zbin_3_richbin_3': {'cluster_bin_edges': {'rich_max': np.float64(200.0), 'rich_min': np.float64(100.0), 'z_max': np.float64(0.6), 'z_min': np.float64(0.5)}, 'n_cl': 12, 'clmm_cluster_ensemble': <clmm.clusterensemble.ClusterEnsemble object at 0x14588cf5cbf0>, 'profile_type': 'delta_sigma'}, 'bin_zbin_4_richbin_0': {'cluster_bin_edges': {'rich_max': np.float64(35.0), 'rich_min': np.float64(20.0), 'z_max': np.float64(0.7), 'z_min': np.float64(0.6)}, 'n_cl': 377, 'clmm_cluster_ensemble': <clmm.clusterensemble.ClusterEnsemble object at 0x14588cf5d400>, 'profile_type': 'delta_sigma'}, 'bin_zbin_4_richbin_1': {'cluster_bin_edges': {'rich_max': np.float64(70.0), 'rich_min': np.float64(35.0), 'z_max': np.float64(0.7), 'z_min': np.float64(0.6)}, 'n_cl': 153, 'clmm_cluster_ensemble': <clmm.clusterensemble.ClusterEnsemble object at 0x14588cf5dc10>, 'profile_type': 'delta_sigma'}, 'bin_zbin_4_richbin_2': {'cluster_bin_edges': {'rich_max': np.float64(100.0), 'rich_min': np.float64(70.0), 'z_max': np.float64(0.7), 'z_min': np.float64(0.6)}, 'n_cl': 31, 'clmm_cluster_ensemble': <clmm.clusterensemble.ClusterEnsemble object at 0x14588cf5e420>, 'profile_type': 'delta_sigma'}, 'bin_zbin_4_richbin_3': {'cluster_bin_edges': {'rich_max': np.float64(200.0), 'rich_min': np.float64(100.0), 'z_max': np.float64(0.7), 'z_min': np.float64(0.6)}, 'n_cl': 14, 'clmm_cluster_ensemble': <clmm.clusterensemble.ClusterEnsemble object at 0x14588cf5ec30>, 'profile_type': 'delta_sigma'}, 'bin_zbin_5_richbin_0': {'cluster_bin_edges': {'rich_max': np.float64(35.0), 'rich_min': np.float64(20.0), 'z_max': np.float64(0.8), 'z_min': np.float64(0.7)}, 'n_cl': 312, 'clmm_cluster_ensemble': <clmm.clusterensemble.ClusterEnsemble object at 0x14588cf5f440>, 'profile_type': 'delta_sigma'}, 'bin_zbin_5_richbin_1': {'cluster_bin_edges': {'rich_max': np.float64(70.0), 'rich_min': np.float64(35.0), 'z_max': np.float64(0.8), 'z_min': np.float64(0.7)}, 'n_cl': 139, 'clmm_cluster_ensemble': <clmm.clusterensemble.ClusterEnsemble object at 0x14588cf5fc50>, 'profile_type': 'delta_sigma'}, 'bin_zbin_5_richbin_2': {'cluster_bin_edges': {'rich_max': np.float64(100.0), 'rich_min': np.float64(70.0), 'z_max': np.float64(0.8), 'z_min': np.float64(0.7)}, 'n_cl': 21, 'clmm_cluster_ensemble': <clmm.clusterensemble.ClusterEnsemble object at 0x14588cfa84a0>, 'profile_type': 'delta_sigma'}, 'bin_zbin_5_richbin_3': {'cluster_bin_edges': {'rich_max': np.float64(200.0), 'rich_min': np.float64(100.0), 'z_max': np.float64(0.8), 'z_min': np.float64(0.7)}, 'n_cl': 7, 'clmm_cluster_ensemble': <clmm.clusterensemble.ClusterEnsemble object at 0x14588cfa8cb0>, 'profile_type': 'delta_sigma'}}
delta_sigma
[array([[2.05808905e+24, 1.43672810e+24, 1.08265976e+24, 6.52710703e+23,
        3.94460860e+23, 3.19914923e+23, 2.67365716e+23],
       [1.43672810e+24, 1.54550750e+24, 1.29046672e+24, 8.17372957e+23,
        5.12503306e+23, 4.35606665e+23, 3.06057854e+23],
       [1.08265976e+24, 1.29046672e+24, 1.48454023e+24, 1.01863766e+24,
        6.20078279e+23, 5.06720048e+23, 4.28562096e+23],
       [6.52710703e+23, 8.17372957e+23, 1.01863766e+24, 1.05641299e+24,
        6.91245616e+23, 4.82828259e+23, 4.92072612e+23],
       [3.94460860e+23, 5.12503306e+23, 6.20078279e+23, 6.91245616e+23,
        8.89439143e+23, 6.42605366e+23, 3.83222448e+23],
       [3.19914923e+23, 4.35606665e+23, 5.06720048e+23, 4.82828259e+23,
        6.42605366e+23, 8.34477389e+23, 4.72229453e+23],
       [2.67365716e+23, 3.06057854e+23, 4.28562096e+23, 4.92072612e+23,
        3.83222448e+23, 4.72229453e+23, 7.86041534e+23]]), array([[5.14844478e+24, 3.77920619e+24, 2.68080084e+24, 2.34022990e+24,
        1.16821966e+24, 1.05850777e+24, 5.64713652e+23],
       [3.77920619e+24, 4.06846485e+24, 3.01306650e+24, 2.33501140e+24,
        1.29402906e+24, 8.81984886e+23, 6.21646343e+23],
       [2.68080084e+24, 3.01306650e+24, 3.14600077e+24, 2.55746943e+24,
        1.30408890e+24, 7.59341579e+23, 4.15243487e+23],
       [2.34022990e+24, 2.33501140e+24, 2.55746943e+24, 3.09534332e+24,
        1.88854409e+24, 1.15318901e+24, 5.57739642e+23],
       [1.16821966e+24, 1.29402906e+24, 1.30408890e+24, 1.88854409e+24,
        2.07540087e+24, 1.43908116e+24, 8.51796771e+23],
       [1.05850777e+24, 8.81984886e+23, 7.59341579e+23, 1.15318901e+24,
        1.43908116e+24, 1.62520568e+24, 8.36298460e+23],
       [5.64713652e+23, 6.21646343e+23, 4.15243487e+23, 5.57739642e+23,
        8.51796771e+23, 8.36298460e+23, 1.05282009e+24]]), array([[5.69656487e+25, 3.98283471e+25, 2.71378602e+25, 2.10781305e+25,
        1.81621446e+25, 1.12035195e+25, 7.86422285e+24],
       [3.98283471e+25, 3.18805493e+25, 2.38882050e+25, 1.69680271e+25,
        1.31576669e+25, 8.80674881e+24, 8.81030748e+24],
       [2.71378602e+25, 2.38882050e+25, 2.23428198e+25, 1.53871934e+25,
        6.74921130e+24, 5.10091366e+24, 6.78285813e+24],
       [2.10781305e+25, 1.69680271e+25, 1.53871934e+25, 1.55531971e+25,
        9.65256238e+24, 6.75484460e+24, 7.43425646e+24],
       [1.81621446e+25, 1.31576669e+25, 6.74921130e+24, 9.65256238e+24,
        1.41066435e+25, 8.91482352e+24, 9.22057685e+24],
       [1.12035195e+25, 8.80674881e+24, 5.10091366e+24, 6.75484460e+24,
        8.91482352e+24, 6.80423568e+24, 6.04750332e+24],
       [7.86422285e+24, 8.81030748e+24, 6.78285813e+24, 7.43425646e+24,
        9.22057685e+24, 6.04750332e+24, 1.36492157e+25]]), array([[1.61388784e+26, 1.22357997e+26, 1.30330903e+26, 8.13749359e+25,
        5.49168451e+25, 5.79243787e+25, 8.18336308e+25],
       [1.22357997e+26, 1.27284992e+26, 1.09923147e+26, 4.93650826e+25,
        4.32752690e+25, 3.72982552e+25, 4.53389999e+25],
       [1.30330903e+26, 1.09923147e+26, 1.21876901e+26, 9.56563818e+25,
        7.70279784e+25, 6.47221166e+25, 6.64077526e+25],
       [8.13749359e+25, 4.93650826e+25, 9.56563818e+25, 1.75537389e+26,
        1.26210787e+26, 5.73790718e+25, 4.92083687e+25],
       [5.49168451e+25, 4.32752690e+25, 7.70279784e+25, 1.26210787e+26,
        1.03798575e+26, 5.91186412e+25, 3.63307944e+25],
       [5.79243787e+25, 3.72982552e+25, 6.47221166e+25, 5.73790718e+25,
        5.91186412e+25, 6.95913759e+25, 4.94649926e+25],
       [8.18336308e+25, 4.53389999e+25, 6.64077526e+25, 4.92083687e+25,
        3.63307944e+25, 4.94649926e+25, 5.60746527e+25]]), array([[1.06487706e+24, 9.49144352e+23, 6.23071045e+23, 3.82690173e+23,
        2.00184039e+23, 1.08702910e+23, 8.25908898e+22],
       [9.49144352e+23, 1.06124624e+24, 8.15943957e+23, 4.73968016e+23,
        2.67101489e+23, 1.57621843e+23, 1.19775276e+23],
       [6.23071045e+23, 8.15943957e+23, 8.63894152e+23, 5.88118299e+23,
        3.38947674e+23, 1.99876570e+23, 1.37341056e+23],
       [3.82690173e+23, 4.73968016e+23, 5.88118299e+23, 6.70854892e+23,
        5.03565713e+23, 3.25669898e+23, 1.86955164e+23],
       [2.00184039e+23, 2.67101489e+23, 3.38947674e+23, 5.03565713e+23,
        6.26392609e+23, 4.58212348e+23, 2.60425175e+23],
       [1.08702910e+23, 1.57621843e+23, 1.99876570e+23, 3.25669898e+23,
        4.58212348e+23, 6.07088363e+23, 3.91459426e+23],
       [8.25908898e+22, 1.19775276e+23, 1.37341056e+23, 1.86955164e+23,
        2.60425175e+23, 3.91459426e+23, 4.90706459e+23]]), array([[4.92595682e+24, 3.92669246e+24, 2.49404111e+24, 1.95892561e+24,
        1.37628161e+24, 6.48597862e+23, 1.68269940e+23],
       [3.92669246e+24, 3.74669385e+24, 2.60229375e+24, 1.93068418e+24,
        1.31605917e+24, 5.09982325e+23, 1.56069273e+23],
       [2.49404111e+24, 2.60229375e+24, 2.32998942e+24, 1.81196580e+24,
        1.21268743e+24, 4.12850515e+23, 1.76755134e+23],
       [1.95892561e+24, 1.93068418e+24, 1.81196580e+24, 2.05037719e+24,
        1.75113572e+24, 8.57374408e+23, 4.07442112e+23],
       [1.37628161e+24, 1.31605917e+24, 1.21268743e+24, 1.75113572e+24,
        2.25185443e+24, 1.41115159e+24, 7.27371687e+23],
       [6.48597862e+23, 5.09982325e+23, 4.12850515e+23, 8.57374408e+23,
        1.41115159e+24, 1.66768208e+24, 1.03595267e+24],
       [1.68269940e+23, 1.56069273e+23, 1.76755134e+23, 4.07442112e+23,
        7.27371687e+23, 1.03595267e+24, 1.05169973e+24]]), array([[6.24125745e+25, 5.66086124e+25, 4.13893608e+25, 2.69695538e+25,
        2.08345274e+25, 1.19551608e+25, 5.27364567e+24],
       [5.66086124e+25, 5.74759316e+25, 4.46530114e+25, 3.24630683e+25,
        2.64013317e+25, 1.72361375e+25, 8.46024106e+24],
       [4.13893608e+25, 4.46530114e+25, 3.95570616e+25, 3.03192436e+25,
        2.42507550e+25, 1.58423101e+25, 7.38612895e+24],
       [2.69695538e+25, 3.24630683e+25, 3.03192436e+25, 2.82401536e+25,
        2.40152208e+25, 1.61497977e+25, 7.19416814e+24],
       [2.08345274e+25, 2.64013317e+25, 2.42507550e+25, 2.40152208e+25,
        2.50787206e+25, 1.98165372e+25, 9.68812433e+24],
       [1.19551608e+25, 1.72361375e+25, 1.58423101e+25, 1.61497977e+25,
        1.98165372e+25, 2.05856021e+25, 1.16326386e+25],
       [5.27364567e+24, 8.46024106e+24, 7.38612895e+24, 7.19416814e+24,
        9.68812433e+24, 1.16326386e+25, 9.07215100e+24]]), array([[6.12194562e+25, 7.26608058e+25, 9.61971772e+25, 1.02973902e+26,
        8.19638089e+25, 5.78336384e+25, 4.01330407e+25],
       [7.26608058e+25, 8.95765108e+25, 1.18265731e+26, 1.24795760e+26,
        9.91402724e+25, 7.01438657e+25, 5.35718312e+25],
       [9.61971772e+25, 1.18265731e+26, 1.83642741e+26, 1.89524562e+26,
        1.36595090e+26, 8.63711364e+25, 6.75822421e+25],
       [1.02973902e+26, 1.24795760e+26, 1.89524562e+26, 2.07309649e+26,
        1.51678514e+26, 9.53336287e+25, 7.56315189e+25],
       [8.19638089e+25, 9.91402724e+25, 1.36595090e+26, 1.51678514e+26,
        1.17503434e+26, 7.77099548e+25, 6.01112697e+25],
       [5.78336384e+25, 7.01438657e+25, 8.63711364e+25, 9.53336287e+25,
        7.77099548e+25, 6.72001496e+25, 4.94057019e+25],
       [4.01330407e+25, 5.35718312e+25, 6.75822421e+25, 7.56315189e+25,
        6.01112697e+25, 4.94057019e+25, 4.55217547e+25]]), array([[1.05799847e+24, 7.72215356e+23, 4.86459516e+23, 3.04868445e+23,
        2.47387697e+23, 1.71772703e+23, 1.29210496e+23],
       [7.72215356e+23, 7.75174941e+23, 6.13301795e+23, 3.43845897e+23,
        2.39653998e+23, 1.74729701e+23, 1.05051033e+23],
       [4.86459516e+23, 6.13301795e+23, 7.15538631e+23, 5.15807067e+23,
        3.32234004e+23, 2.09957783e+23, 9.67942035e+22],
       [3.04868445e+23, 3.43845897e+23, 5.15807067e+23, 6.22498959e+23,
        5.03666113e+23, 2.70789160e+23, 1.35639555e+23],
       [2.47387697e+23, 2.39653998e+23, 3.32234004e+23, 5.03666113e+23,
        6.27189839e+23, 4.17273025e+23, 2.35226148e+23],
       [1.71772703e+23, 1.74729701e+23, 2.09957783e+23, 2.70789160e+23,
        4.17273025e+23, 4.98638042e+23, 3.22587190e+23],
       [1.29210496e+23, 1.05051033e+23, 9.67942035e+22, 1.35639555e+23,
        2.35226148e+23, 3.22587190e+23, 4.00549070e+23]]), array([[3.26674343e+24, 2.82049001e+24, 2.09214701e+24, 1.18924781e+24,
        7.80670323e+23, 8.01451103e+23, 5.38892724e+23],
       [2.82049001e+24, 2.77809919e+24, 2.25472522e+24, 1.31792588e+24,
        8.97072487e+23, 8.36604501e+23, 5.74733292e+23],
       [2.09214701e+24, 2.25472522e+24, 2.52709419e+24, 1.71852558e+24,
        1.04656039e+24, 8.87527664e+23, 6.89291757e+23],
       [1.18924781e+24, 1.31792588e+24, 1.71852558e+24, 1.62986729e+24,
        1.21105495e+24, 9.33048795e+23, 7.34761835e+23],
       [7.80670323e+23, 8.97072487e+23, 1.04656039e+24, 1.21105495e+24,
        1.50483439e+24, 1.29307195e+24, 8.25979000e+23],
       [8.01451103e+23, 8.36604501e+23, 8.87527664e+23, 9.33048795e+23,
        1.29307195e+24, 1.63977313e+24, 1.04443862e+24],
       [5.38892724e+23, 5.74733292e+23, 6.89291757e+23, 7.34761835e+23,
        8.25979000e+23, 1.04443862e+24, 1.16700424e+24]]), array([[4.96292119e+25, 3.42302706e+25, 1.60805788e+25, 1.28237616e+25,
        1.28570635e+25, 4.41072355e+24, 1.80495655e+24],
       [3.42302706e+25, 2.76676083e+25, 1.48885843e+25, 1.11948517e+25,
        1.20983588e+25, 6.98267882e+24, 3.16579230e+24],
       [1.60805788e+25, 1.48885843e+25, 1.06535782e+25, 8.19703063e+24,
        8.67093450e+24, 5.66392647e+24, 2.89192293e+24],
       [1.28237616e+25, 1.11948517e+25, 8.19703063e+24, 8.57858581e+24,
        8.65422388e+24, 4.83924999e+24, 2.10285534e+24],
       [1.28570635e+25, 1.20983588e+25, 8.67093450e+24, 8.65422388e+24,
        1.13687720e+25, 9.48704097e+24, 4.91107587e+24],
       [4.41072355e+24, 6.98267882e+24, 5.66392647e+24, 4.83924999e+24,
        9.48704097e+24, 1.55193176e+25, 7.97434538e+24],
       [1.80495655e+24, 3.16579230e+24, 2.89192293e+24, 2.10285534e+24,
        4.91107587e+24, 7.97434538e+24, 5.49834374e+24]]), array([[7.67076009e+25, 6.11673617e+25, 6.11732269e+25, 4.65706904e+25,
        3.88734397e+25, 2.78630157e+25, 2.35957448e+25],
       [6.11673617e+25, 5.36833472e+25, 5.48381861e+25, 3.99337098e+25,
        3.20493536e+25, 2.31356119e+25, 1.92828455e+25],
       [6.11732269e+25, 5.48381861e+25, 5.81251946e+25, 4.27609916e+25,
        3.37680959e+25, 2.29076083e+25, 1.76378365e+25],
       [4.65706904e+25, 3.99337098e+25, 4.27609916e+25, 3.59877977e+25,
        2.78660685e+25, 1.72569807e+25, 1.33874845e+25],
       [3.88734397e+25, 3.20493536e+25, 3.37680959e+25, 2.78660685e+25,
        2.38045157e+25, 1.59673654e+25, 1.20699833e+25],
       [2.78630157e+25, 2.31356119e+25, 2.29076083e+25, 1.72569807e+25,
        1.59673654e+25, 1.35926308e+25, 1.08590546e+25],
       [2.35957448e+25, 1.92828455e+25, 1.76378365e+25, 1.33874845e+25,
        1.20699833e+25, 1.08590546e+25, 1.27989547e+25]]), array([[9.93614476e+23, 6.71886285e+23, 3.95547578e+23, 2.65938681e+23,
        2.38176970e+23, 1.26208334e+23, 6.10238016e+22],
       [6.71886285e+23, 6.24197451e+23, 4.87735157e+23, 3.30512174e+23,
        2.65222187e+23, 1.69433537e+23, 8.82068812e+22],
       [3.95547578e+23, 4.87735157e+23, 6.04729898e+23, 4.99125904e+23,
        3.54694440e+23, 2.47277163e+23, 1.34289625e+23],
       [2.65938681e+23, 3.30512174e+23, 4.99125904e+23, 5.86798289e+23,
        4.68587707e+23, 3.02579260e+23, 1.83982353e+23],
       [2.38176970e+23, 2.65222187e+23, 3.54694440e+23, 4.68587707e+23,
        5.52854359e+23, 4.13010238e+23, 2.05239482e+23],
       [1.26208334e+23, 1.69433537e+23, 2.47277163e+23, 3.02579260e+23,
        4.13010238e+23, 4.81062076e+23, 3.01687387e+23],
       [6.10238016e+22, 8.82068812e+22, 1.34289625e+23, 1.83982353e+23,
        2.05239482e+23, 3.01687387e+23, 4.23861797e+23]]), array([[5.81775059e+24, 4.05105618e+24, 2.88177156e+24, 1.95542781e+24,
        1.25770479e+24, 1.26329131e+24, 1.05314257e+24],
       [4.05105618e+24, 3.36443848e+24, 2.54962511e+24, 1.72041870e+24,
        1.01764830e+24, 9.89191035e+23, 8.91868214e+23],
       [2.88177156e+24, 2.54962511e+24, 2.40325257e+24, 1.91098072e+24,
        1.15645088e+24, 1.08482845e+24, 8.23211024e+23],
       [1.95542781e+24, 1.72041870e+24, 1.91098072e+24, 2.12029676e+24,
        1.41022044e+24, 1.04682011e+24, 6.41163600e+23],
       [1.25770479e+24, 1.01764830e+24, 1.15645088e+24, 1.41022044e+24,
        1.42693619e+24, 1.26651669e+24, 7.10850138e+23],
       [1.26329131e+24, 9.89191035e+23, 1.08482845e+24, 1.04682011e+24,
        1.26651669e+24, 1.78576920e+24, 1.41640646e+24],
       [1.05314257e+24, 8.91868214e+23, 8.23211024e+23, 6.41163600e+23,
        7.10850138e+23, 1.41640646e+24, 1.80534771e+24]]), array([[4.16150639e+25, 3.78346488e+25, 2.61671501e+25, 1.90604295e+25,
        1.13406748e+25, 7.07145627e+24, 7.41788959e+24],
       [3.78346488e+25, 4.34321289e+25, 3.14078484e+25, 2.34746501e+25,
        1.53053295e+25, 8.33521358e+24, 6.15844763e+24],
       [2.61671501e+25, 3.14078484e+25, 2.54225154e+25, 2.05883396e+25,
        1.37436177e+25, 7.36200644e+24, 5.77164215e+24],
       [1.90604295e+25, 2.34746501e+25, 2.05883396e+25, 2.01626950e+25,
        1.47962883e+25, 8.14055339e+24, 6.17316221e+24],
       [1.13406748e+25, 1.53053295e+25, 1.37436177e+25, 1.47962883e+25,
        1.61399872e+25, 1.28491766e+25, 5.99868760e+24],
       [7.07145627e+24, 8.33521358e+24, 7.36200644e+24, 8.14055339e+24,
        1.28491766e+25, 1.39257474e+25, 5.56337674e+24],
       [7.41788959e+24, 6.15844763e+24, 5.77164215e+24, 6.17316221e+24,
        5.99868760e+24, 5.56337674e+24, 7.30139329e+24]]), array([[4.62704896e+25, 1.76105472e+25, 1.56076841e+25, 1.92010480e+25,
        2.47220374e+25, 1.17258721e+25, 9.35249231e+24],
       [1.76105472e+25, 9.41261769e+24, 9.36175379e+24, 1.07468900e+25,
        1.12961370e+25, 6.95203331e+24, 7.22013721e+24],
       [1.56076841e+25, 9.36175379e+24, 1.92486594e+25, 2.23980343e+25,
        2.06892060e+25, 1.47697124e+25, 1.53688807e+25],
       [1.92010480e+25, 1.07468900e+25, 2.23980343e+25, 3.25688411e+25,
        2.99281843e+25, 1.26917307e+25, 1.03838520e+25],
       [2.47220374e+25, 1.12961370e+25, 2.06892060e+25, 2.99281843e+25,
        3.96404365e+25, 2.12658732e+25, 1.37332113e+25],
       [1.17258721e+25, 6.95203331e+24, 1.47697124e+25, 1.26917307e+25,
        2.12658732e+25, 2.42047821e+25, 2.02526199e+25],
       [9.35249231e+24, 7.22013721e+24, 1.53688807e+25, 1.03838520e+25,
        1.37332113e+25, 2.02526199e+25, 2.36549916e+25]]), array([[1.14694101e+24, 1.00666546e+24, 7.68622942e+23, 5.23973142e+23,
        3.33068140e+23, 2.12998013e+23, 1.46209327e+23],
       [1.00666546e+24, 1.09332287e+24, 9.23428033e+23, 6.37456853e+23,
        3.70955961e+23, 1.99832422e+23, 1.27655284e+23],
       [7.68622942e+23, 9.23428033e+23, 1.03364561e+24, 8.50087609e+23,
        5.19603175e+23, 2.73951745e+23, 2.06381400e+23],
       [5.23973142e+23, 6.37456853e+23, 8.50087609e+23, 9.35883909e+23,
        7.24418726e+23, 4.36450420e+23, 3.16931230e+23],
       [3.33068140e+23, 3.70955961e+23, 5.19603175e+23, 7.24418726e+23,
        8.12955050e+23, 6.01055322e+23, 3.75102694e+23],
       [2.12998013e+23, 1.99832422e+23, 2.73951745e+23, 4.36450420e+23,
        6.01055322e+23, 6.52911062e+23, 4.56989034e+23],
       [1.46209327e+23, 1.27655284e+23, 2.06381400e+23, 3.16931230e+23,
        3.75102694e+23, 4.56989034e+23, 5.18761425e+23]]), array([[3.16414856e+24, 2.42079814e+24, 1.51941204e+24, 7.51894842e+23,
        5.19048067e+23, 3.71486880e+23, 3.14728513e+23],
       [2.42079814e+24, 2.43075641e+24, 1.83925634e+24, 1.00634771e+24,
        5.25903299e+23, 3.07312792e+23, 1.65029433e+23],
       [1.51941204e+24, 1.83925634e+24, 2.02023488e+24, 1.46618240e+24,
        6.80028314e+23, 3.02467970e+23, 1.37866071e+23],
       [7.51894842e+23, 1.00634771e+24, 1.46618240e+24, 1.75429533e+24,
        1.10980633e+24, 5.45034147e+23, 3.08710239e+23],
       [5.19048067e+23, 5.25903299e+23, 6.80028314e+23, 1.10980633e+24,
        1.25078102e+24, 8.18030640e+23, 4.02405683e+23],
       [3.71486880e+23, 3.07312792e+23, 3.02467970e+23, 5.45034147e+23,
        8.18030640e+23, 1.01887396e+24, 6.72705140e+23],
       [3.14728513e+23, 1.65029433e+23, 1.37866071e+23, 3.08710239e+23,
        4.02405683e+23, 6.72705140e+23, 8.70734550e+23]]), array([[2.21093577e+25, 1.65654942e+25, 1.07653095e+25, 6.04052018e+24,
        4.60860233e+24, 4.69152332e+24, 3.90689655e+24],
       [1.65654942e+25, 1.57323767e+25, 1.11847446e+25, 6.20549959e+24,
        4.26706866e+24, 3.54746564e+24, 3.91869927e+24],
       [1.07653095e+25, 1.11847446e+25, 9.92405255e+24, 6.76043211e+24,
        4.35234088e+24, 2.47643662e+24, 2.64713092e+24],
       [6.04052018e+24, 6.20549959e+24, 6.76043211e+24, 6.42035837e+24,
        5.44491047e+24, 3.20635799e+24, 2.41648392e+24],
       [4.60860233e+24, 4.26706866e+24, 4.35234088e+24, 5.44491047e+24,
        8.35947154e+24, 7.28720815e+24, 4.39858158e+24],
       [4.69152332e+24, 3.54746564e+24, 2.47643662e+24, 3.20635799e+24,
        7.28720815e+24, 8.40819539e+24, 4.81967966e+24],
       [3.90689655e+24, 3.91869927e+24, 2.64713092e+24, 2.41648392e+24,
        4.39858158e+24, 4.81967966e+24, 5.23565019e+24]]), array([[1.32867946e+26, 9.88963705e+25, 8.11754813e+25, 5.82799773e+25,
        3.51886218e+25, 1.88325991e+25, 2.08930501e+25],
       [9.88963705e+25, 8.90173695e+25, 6.82527139e+25, 3.74276834e+25,
        1.78971445e+25, 1.50733377e+25, 1.46978847e+25],
       [8.11754813e+25, 6.82527139e+25, 5.92211532e+25, 4.03301172e+25,
        1.97642108e+25, 1.01829442e+25, 1.13885439e+25],
       [5.82799773e+25, 3.74276834e+25, 4.03301172e+25, 4.31009118e+25,
        2.66840119e+25, 6.31592001e+24, 6.32285253e+24],
       [3.51886218e+25, 1.78971445e+25, 1.97642108e+25, 2.66840119e+25,
        2.37916518e+25, 1.02633993e+25, 5.27535752e+24],
       [1.88325991e+25, 1.50733377e+25, 1.01829442e+25, 6.31592001e+24,
        1.02633993e+25, 1.42304820e+25, 8.94410550e+24],
       [2.08930501e+25, 1.46978847e+25, 1.13885439e+25, 6.32285253e+24,
        5.27535752e+24, 8.94410550e+24, 1.19156006e+25]]), array([[1.97669573e+24, 1.48943479e+24, 9.40297447e+23, 5.74097676e+23,
        3.72529189e+23, 3.09980333e+23, 2.32043344e+23],
       [1.48943479e+24, 1.55325296e+24, 1.14078650e+24, 7.10160295e+23,
        3.84576106e+23, 2.81804300e+23, 1.30598520e+23],
       [9.40297447e+23, 1.14078650e+24, 1.16852076e+24, 9.13016738e+23,
        5.49884664e+23, 3.02030638e+23, 1.40491379e+23],
       [5.74097676e+23, 7.10160295e+23, 9.13016738e+23, 1.04533141e+24,
        7.14152163e+23, 3.48473942e+23, 1.77040163e+23],
       [3.72529189e+23, 3.84576106e+23, 5.49884664e+23, 7.14152163e+23,
        7.96621405e+23, 6.19553105e+23, 3.19325216e+23],
       [3.09980333e+23, 2.81804300e+23, 3.02030638e+23, 3.48473942e+23,
        6.19553105e+23, 8.67955142e+23, 5.67648910e+23],
       [2.32043344e+23, 1.30598520e+23, 1.40491379e+23, 1.77040163e+23,
        3.19325216e+23, 5.67648910e+23, 6.85108111e+23]]), array([[5.02947684e+24, 3.62619997e+24, 2.37715739e+24, 1.78986021e+24,
        1.18372422e+24, 6.07259456e+23, 6.91302695e+23],
       [3.62619997e+24, 3.84121578e+24, 3.08456079e+24, 2.26770626e+24,
        1.45204215e+24, 8.58486872e+23, 8.79769260e+23],
       [2.37715739e+24, 3.08456079e+24, 3.40760416e+24, 2.85956414e+24,
        1.80970963e+24, 1.07889797e+24, 1.09178757e+24],
       [1.78986021e+24, 2.26770626e+24, 2.85956414e+24, 3.25545276e+24,
        2.34421733e+24, 1.30630615e+24, 1.16437942e+24],
       [1.18372422e+24, 1.45204215e+24, 1.80970963e+24, 2.34421733e+24,
        2.34820835e+24, 1.60958858e+24, 1.08979066e+24],
       [6.07259456e+23, 8.58486872e+23, 1.07889797e+24, 1.30630615e+24,
        1.60958858e+24, 1.87589875e+24, 1.46271452e+24],
       [6.91302695e+23, 8.79769260e+23, 1.09178757e+24, 1.16437942e+24,
        1.08979066e+24, 1.46271452e+24, 1.99416800e+24]]), array([[ 5.64163825e+25,  3.45123377e+25,  2.33094082e+25,
         2.02810018e+25,  1.00294616e+25, -2.00456515e+24,
        -7.05647326e+24],
       [ 3.45123377e+25,  2.64692132e+25,  1.88228037e+25,
         1.64993200e+25,  7.63247640e+24, -7.52732118e+23,
        -3.01625500e+24],
       [ 2.33094082e+25,  1.88228037e+25,  1.66656598e+25,
         1.54175076e+25,  8.60228437e+24,  1.68540591e+24,
        -3.90199613e+23],
       [ 2.02810018e+25,  1.64993200e+25,  1.54175076e+25,
         1.84494747e+25,  1.27554836e+25,  3.56743554e+24,
        -1.24348551e+23],
       [ 1.00294616e+25,  7.63247640e+24,  8.60228437e+24,
         1.27554836e+25,  1.29020366e+25,  7.02999940e+24,
         2.25195569e+24],
       [-2.00456515e+24, -7.52732118e+23,  1.68540591e+24,
         3.56743554e+24,  7.02999940e+24,  8.92521671e+24,
         5.99809087e+24],
       [-7.05647326e+24, -3.01625500e+24, -3.90199613e+23,
        -1.24348551e+23,  2.25195569e+24,  5.99809087e+24,
         8.80425128e+24]]), array([[1.50584381e+26, 1.12058279e+26, 9.70912675e+25, 8.84814931e+25,
        7.25590716e+25, 6.42580817e+25, 2.81536755e+25],
       [1.12058279e+26, 1.01692672e+26, 9.39600782e+25, 8.38478105e+25,
        6.38560557e+25, 5.22261121e+25, 2.50154089e+25],
       [9.70912675e+25, 9.39600782e+25, 9.04943057e+25, 7.85468337e+25,
        5.66985648e+25, 4.52306873e+25, 2.41507353e+25],
       [8.84814931e+25, 8.38478105e+25, 7.85468337e+25, 7.14696786e+25,
        5.40666287e+25, 4.23195336e+25, 2.07336622e+25],
       [7.25590716e+25, 6.38560557e+25, 5.66985648e+25, 5.40666287e+25,
        4.57618975e+25, 3.48238857e+25, 8.23596642e+24],
       [6.42580817e+25, 5.22261121e+25, 4.52306873e+25, 4.23195336e+25,
        3.48238857e+25, 3.02486489e+25, 1.31488043e+25],
       [2.81536755e+25, 2.50154089e+25, 2.41507353e+25, 2.07336622e+25,
        8.23596642e+24, 1.31488043e+25, 2.98204337e+25]])]
Stage complete: CLClusterSACC @ 2026-02-17 13:26:57.563806 took 0.01 minutes
