ac_mc = 13.31
ac_nc = 1.1321
ap_nc = 1.98
ap_rc = 2.2183
bc_mc = 0.2025
bc_nc = 0.7751
bp_nc = 0.812
bp_rc = -0.6592
mu_p0 = 3.34197974
mu_p1 = 0.98149
mu_p2 = 0.08931269
sigma_p0 = 0.56014799
sigma_p1 = 0.02
sigma_p2 = -0.05721073
