age = 13.737611151727549
chistar = 14106.283832742882
cmbshift = 1.719365079590706
dastar = 14.108195390509003
kd = 0.1386557972839526
keq = 0.009736589983105637
nz = 100
rdrag = 149.33545328886822
rs_zdrag = 149.33545328886822
rstar = 146.6932588306892
thetad = 0.16059808949042975
thetaeq = 0.8528859622688112
thetarseq = 0.46980477852235286
thetastar = 1.0397733712234667
zdrag = 1059.7761820330927
zeq = 3190.4678773565615
zstar = 1088.86713778163
