age = 13.954951107357367
chistar = 14429.917552257637
cmbshift = 1.708730503169949
dastar = 14.429986411405514
kd = 0.13646802949912792
keq = 0.009192399716864825
nz = 100
rdrag = 151.46793521190332
rs_zdrag = 151.46793521190332
rstar = 148.77726271558237
thetad = 0.1595339175215618
thetaeq = 0.8832313694328301
thetarseq = 0.4852659958525876
thetastar = 1.0310284325561683
zdrag = 1059.2173948459867
zeq = 3012.09278451337
zstar = 1088.192357349239
